1.045367945229390472e+00
1.016708619273526681e-01
-3.635703835704715559e-01
1.314418408003196426e+00
4.041175921601460885e-01
1.006889207050146284e+00
-1.492758362277289308e+00
1.226407580408840126e+00
2.016395732530653628e+00
1.014738282107188416e+00
5.953287357232017740e-01
1.441726126000429709e+00
-2.374300173414446713e-01
3.087186795951240570e-01
-1.476911830516742130e+00
1.548928389304610631e+00
-7.031763831100424911e-01
-1.700726987367285670e+00
1.209457070225210318e+00
-4.678210840744364551e-01
-3.866062860061833528e-01
-1.858014373328464863e+00
1.159786171712623881e+00
-1.457248338415846778e+00
1.543761732333537973e+00
2.359301463924872999e-01
-1.368338867346102550e+00
-1.648190829476690711e+00
-5.510490773907134043e-01
-3.706001942513010294e-01
4.016677159986764001e-01
6.093394303761305864e-01
1.052415174471828641e+00
1.492471977247843862e+00
4.318804147788375958e-01
-4.394841905111129821e-01
5.479999704168374564e-01
1.525368240821441068e+00
5.401728681969017454e-02
7.370954871013145615e-01
-3.649077368273069277e-01
-3.309935065995703307e-01
-8.691024505082591001e-02
1.314128329215870084e+00
-1.421897715456210243e+00
-1.921256284057027697e-01
1.029285680573904127e+00
-2.331141030316787599e-01
1.771392411412127110e+00
-9.223407188664274337e-01
-1.663086365644710130e+00
8.439508508475628001e-03
1.145734627743685285e-01
-6.551863460006019935e-01
-2.129555902363170772e-01
-1.436270063401863251e-01
-1.664283220573746780e+00
-7.728833061813605854e-02
8.333935936462877336e-01
2.164685464548697091e-01
-1.315911496959254912e+00
-1.280503113026327799e+00
-1.499742639366969499e+00
-3.743895811155742437e-01
8.014885498649212958e-02
-4.585132420082670412e-01
-2.663013481089833157e-01
1.549818168046454669e+00
6.573726173834933961e-01
4.038539368984638278e-01
9.608218365190905885e-01
-4.137283494940098838e-01
-6.894795803243012333e-01
1.236867691301821059e+00
2.989933116759129761e-01
-6.883568785314217453e-02
-1.702866848512432640e-01
7.960983521534686913e-01
-2.347885734141107184e-01
-2.916733210668932541e-01
3.094436033804263686e-01
-3.557381408859361382e-03
-4.741975862210767723e-01
-8.047007052254276371e-02
1.949496961336669443e-01
6.494423184407143168e-01
1.481943616407702891e+00
1.097969984059090187e+00
-1.223632235942055058e+00
1.776338507407076994e+00
8.735383707944257559e-01
-3.119481414266468688e-03
-6.275130464911135575e-02
1.157210962608733462e+00
-1.136271222647288415e+00
-2.118701537594115669e-01
-1.715519399190825300e+00
-1.217094321889269581e+00
-2.940757294508234976e-01
1.185145478125546159e+00
2.205684724480112546e-01
-1.077711313692573114e-01
-4.077094351520235138e-01
-1.653434344481885754e+00
-1.830860884632903030e-01
-1.632529919154910969e+00
2.765454473880707975e-01
6.229430354053634433e-01
1.351892008604233808e-01
2.003453249461031177e-02
-3.342113646182278686e-01
-1.559224170513372032e+00
1.281898622518335529e+00
-4.357616355105858874e-01
1.908233486136543977e+00
1.822795483343398582e+00
-1.339607944263857986e+00
1.703694630097198459e+00
1.090124325234357539e+00
6.056666238550734160e-01
1.277204132310058693e+00
3.269609806549047537e-01
-9.213748983977898543e-01
5.501952028282302010e-01
-2.095052102682532780e-01
1.407177345785596279e+00
-9.589315048947707476e-01
3.898021260994499748e-02
-2.106673932440909225e-01
-1.616164854892314373e-02
1.307994712711343932e-01
-2.312463958920756013e-02
1.663225045078282394e+00
-5.313806983712332510e-02
4.792332957419626061e-01
-7.617041703265903241e-01
-2.183562851135215921e-01
-1.571138017871480885e+00
3.558021237538102621e-01
7.568937978625639440e-01
1.393566073678935258e+00
4.247188005288377033e-02
7.190260991880534358e-02
-7.422227271928026893e-01
-2.275507573733411559e-01
7.645060958963206810e-02
-6.939970585544228410e-01
1.022183759538473069e+00
4.841955555676619727e-01
1.945556474061410634e-02
-1.283920595086787686e-02
1.531727062725746213e+00
-7.426773103990751135e-02
1.001772634568473874e+00
-1.548698043025403370e+00
-4.907602895862508974e-01
-3.073170942074274770e-01
-2.942944609258160704e-01
-1.897180676806872412e+00
1.994730475828868865e+00
6.966400216627188779e-01
1.336634573015567096e+00
1.325039248674415804e+00
5.072986338115542670e-02
-9.722470480448339725e-01
-2.018213445995071242e-01
-1.436642024683375318e+00
4.924265604702253163e-01
2.640150104636114214e-01
1.631427416792242679e-01
3.629994624758137167e-01
-1.020995672842402779e+00
-5.730450917683940215e-01
1.362696721413647616e+00
-1.259940588895990921e+00
-3.956292872666057336e-01
-1.732116724532849261e+00
-5.541956065943167697e-01
5.317878693066762086e-01
-1.188786055137833475e-01
-3.623049039378115066e-01
4.661772396516988826e-02
4.990839070881715189e-01
1.228626512656690206e+00
1.627816712136703758e+00
-1.934615934324487307e-01
-8.459433779958664967e-01
5.950864920457876739e-01
3.344510185977618288e-01
-1.452901137258199027e-01
-4.808070390809145445e-01
3.194129235699248448e-01
3.419267447357683953e-01
3.944140938654840944e-01
1.154924621109885585e+00
-1.494926486626487971e+00
-3.115850366127021487e-01
-6.715694782185847034e-01
4.278520333563800015e-01
-1.134324347016699042e+00
5.920960176342600356e-02
7.906952067060387668e-01
2.965890597444433840e-01
4.602029479826693636e-01
-3.427278083320826618e-01
4.878239728530885944e-01
-3.371233966575029051e-01
8.984432224328275929e-01
-1.340614404245790370e+00
-7.974463059029088807e-01
1.680740023844118136e+00
1.609576108691441187e-01
-1.566737862202863596e+00
-4.154077161047387001e-01
-1.395821728650623039e-01
-5.449607146059167739e-01
2.636957551643936970e-01
1.411979597555356847e+00
3.781299717145295003e-02
-1.123901519998433907e+00
-2.941657934173921851e-01
1.484873596587888145e-01
-2.189571017459993330e-01
5.640142531758158828e-01
-3.947299912247067555e-01
-3.912000529083676792e-01
-1.001871584830672290e+00
-1.713460224662924247e+00
1.235455965824985070e+00
-1.790204017302749806e+00
9.409913643788031523e-01
-1.222795589852593845e-01
1.020763431562482060e+00
6.402313980551757044e-01
-1.590823720540408770e+00
-1.697760728245790496e+00
4.413291501448476928e-02
-1.573383581700896094e+00
1.874684408577978745e-01
1.303618403668664882e+00
-1.685384849602569846e+00
1.854770518131512447e-01
3.812263359309583932e-02
1.544036224266680524e+00
-4.096829860719783944e-01
-1.369925647466256058e-01
-5.008731949379439108e-01
-9.266618183118384700e-01
4.453666893667461713e-01
-7.109768454771883683e-02
1.025535314798949216e+00
-4.194999426214301996e-01
1.702311788185628671e+00
-1.647798641226173810e+00
-4.408545697002793640e-01
-1.137360114674130229e-01
-4.302184795113415672e-01
-1.429599574881982083e+00
-2.938119740602832541e-01
4.783807124805902755e-03
1.691354540300851417e+00
5.650402642202149162e-01
-7.944855266591923648e-01
4.842148795069606271e-01
-1.355333861471496704e+00
-2.826419091510812831e-01
-2.035845870635713539e-02
-3.018814694616792083e-01
1.371065965835390754e+00
9.181916955429546279e-02
3.102985394887159409e-01
-5.326787352468338455e-01
-1.692882964098066712e+00
-1.372413051044773180e+00
-1.662192689872816764e+00
-1.393974492454279623e+00
-4.845988381220366070e-02
-3.165313332704439153e-02
4.773024994869523585e-02
-1.449629836817234674e+00
-2.055233062051051163e-01
-1.890609484166371201e+00
-2.350412826940684319e-01
-1.201402014675709840e+00
-1.946116875266031276e-01
-1.600541726605233528e+00
4.252907402421669536e-01
-4.951128286138157808e-01
1.723189338225025402e+00
1.807599219830238857e+00
1.664357539818880904e-01
-9.375075294105038592e-01
-1.759855040740408993e-01
-3.834571715622884236e-01
-1.508150151548941720e+00
8.232156945121638092e-02
-1.613465622509563602e+00
1.307560366810945451e+00
1.477167203498654491e+00
-3.204622398111429682e-01
1.655729664975068127e+00
-3.070727905382712453e-01
-4.273027469357276731e-01
-1.219087150707155315e-01
6.305233562499694411e-02
1.719111792538206673e+00
9.109453910620556316e-01
-1.107506990342919551e+00
-2.265883864159365935e-01
-8.461291950219938796e-02
-1.899524440006231940e-01
-1.357835217050340493e+00
-7.100661995570183294e-01
-1.142809694177376878e+00
1.009393973591372839e+00
1.939430195670795110e+00
-3.992664501633327312e-01
1.620663359597699582e+00
-5.934569733883581222e-01
1.238019136318312841e+00
4.354333895456376502e-01
-1.126643356547767372e+00
-2.738457416879992445e-01
1.477770884878432778e+00
-1.995923383487358205e+00
-1.215619543812857417e+00
1.256939964373108010e-01
2.994471817501178634e-01
4.833837209589563200e-01
1.870528232520528022e-01
-8.760125124537197772e-02
1.333181415327396646e+00
-4.925672678862050846e-01
-3.028931617756944195e-01
3.599228136808628187e-01
-6.845118798103345670e-01
-4.752716879077629741e-01
2.637371409622617513e-01
-1.532485997093487873e+00
-2.420469180534766673e-01
1.496904497071779527e+00
1.645382351448667624e+00
1.735692764497335672e+00
-1.521690362643264571e-02
1.487078745987751027e+00
-3.615282628480329108e-01
1.517883739820007766e-02
-1.211440059564587335e+00
-7.313596707902794147e-01
3.080107955195134362e-01
-1.592975466450752942e+00
-2.131634320389911019e-01
2.185853013114228416e-01
-4.215803238352657800e-01
7.459890955644877808e-01
-1.803333710203554041e+00
-2.513623887320820538e-02
-1.103390014532008578e+00
1.889466203194435368e-01
-2.689295893529851100e-01
3.725102277206533419e-01
2.000536032282248300e+00
8.724662092050774476e-01
-1.600417243962615865e+00
-1.258922525180840468e+00
1.233169702103606769e+00
-8.208011702923021513e-01
1.874315265940780906e+00
8.081351606964357059e-02
-9.301600118389938276e-02
2.082878531364044328e+00
-1.681455696017375656e+00
-3.797632672218789196e-01
1.555658934568577567e-01
4.318881742561188619e-01
-6.807909638370355232e-01
2.438568421635023964e-01
-4.677840252679160704e-02
-2.155173073210982226e-01
3.672760257972565445e-01
-4.717917349532847471e-01
-7.191753146165249522e-01
-5.336302668723532650e-01
3.486359254762508297e-01
-3.147042892421439420e-02
-4.036141212269770961e-01
-1.168061199307497272e-01
4.253928793229114769e-01
-5.150723829062372333e-02
-1.524452501615759736e+00
1.172263416894655297e+00
-1.597575574683364419e+00
-7.036955924023511333e-01
-1.663372222004169121e+00
1.269790908381092986e+00
-4.513982131192619263e-01
2.837209414853884004e-01
1.505482193236882038e+00
6.431558890172621723e-01
1.846622997839373115e+00
1.718917594569225216e+00
-4.391691343160186722e-01
-1.631472990758773278e+00
1.190500618897707419e+00
-1.036719240493087502e-01
-3.705974747198564345e-01
6.826227965104199047e-01
-2.195862044669166790e-01
4.760600043838242312e-01
4.083209817964472688e-01
1.878508765980289597e-01
5.340429293766082441e-01
-1.347568296075060679e-02
3.038476810943812056e-01
-2.124446867184139609e-01
-7.800839246936236426e-01
3.996866323322662562e-01
-1.631092543042002574e-01
1.904228138855958707e-01
-4.666902708108352504e-01
1.546197178201461186e+00
-3.398232882053351944e-01
-2.712899700287024207e-01
1.252644697786466255e+00
1.210116883326181947e+00
6.969774013693122439e-02
-9.720512474300287975e-01
-3.449856885419680941e-01
-1.663156553881115718e+00
4.634832672901670336e-01
2.489908695049181109e-01
-2.526119925761511897e-01
-4.350560862606100976e-01
-1.586037876317871298e+00
8.138937882258485690e-01
1.603049907238287108e+00
-4.342719890875696986e-01
-6.556051038387633589e-02
1.447317624757782584e+00
-1.506757894522718910e+00
1.723622576730293732e-02
1.858066874089940201e+00
1.827498859681106147e+00
4.531344248902798855e-01
-1.487428901693188088e+00
-1.789078766922630459e+00
9.417280889753519568e-02
3.436273419589471190e-01
1.539399627264431469e+00
-1.916924270699613242e+00
9.697674945488090614e-01
4.923996046424893303e-01
-1.771340175140297735e+00
2.480392424250221495e-01
-1.142526935670469812e-01
6.363004069674562668e-01
1.616106107736733355e-01
-1.545930708624423611e+00
2.262039586997239560e-01
-8.533288362326720833e-01
-1.839163167772089880e-01
-1.264424231694797618e-01
-9.732683574261606907e-01
-1.733337539601582655e+00
-1.704629479299497041e-01
3.422221372997227284e-01
-5.099440943246174029e-01
-1.828141478984539381e+00
-5.838892152814962877e-01
-9.195484159586170270e-01
-9.534226197564892313e-01
3.212393402690801314e-01
-5.417538891045159399e-01
2.413555527510705678e-01
-1.623116537422990113e+00
-5.823675394808727201e-01
-7.049492617800782179e-01
-2.353411996038511367e-01
-3.855277481419530083e-01
-2.218283026284197657e-01
-1.589201344492926493e-01
-9.451423759516824896e-02
1.641179345275835533e-01
6.965237797450608559e-01
-7.934376634098705416e-02
4.979496789714968896e-01
1.774471873796887644e+00
-6.457206680976204094e-01
-9.892546255490305418e-01
1.598533594291933480e-01
1.607721853519607169e+00
-1.742870733832336372e+00
1.157882624303361863e-01
-9.316917306831731249e-01
3.500274818163877089e-01
-5.010806467886669280e-01
-4.784732662787133384e-01
3.388021323733171886e-01
-1.684137116835267844e-01
4.122333082347007793e-01
1.481849757179438232e+00
1.647404470049625980e-01
-1.717906345059449613e+00
1.653102671744050456e+00
-1.691498442535981361e-01
1.117397330385449528e-01
-2.442832475232065148e-01
-4.600342478124095358e-01
-8.884442125912550559e-03
1.649435756215646753e+00
-1.345181685329275068e+00
-1.353630480860663621e+00
