3.799379937993800915e-01
-7.289728972897289161e-01
7.139713971397141368e-01
1.493149314931494498e-01
-6.247624762476247096e-01
1.303130313031304333e-01
-3.605360536053605625e-01
3.721372137213720954e-01
2.467246724672467195e-01
8.750875087508758199e-02
8.627862786278628349e-01
3.269326932693270571e-01
-8.441844184418442198e-01
2.190219021902195529e-02
-3.417341734173416912e-01
1.501150115011502528e-01
-4.221422142214221740e-01
-2.459245924592459165e-01
3.621362136213621685e-01
-4.561456145614560809e-01
6.711671167116712855e-01
-1.981198119811981018e-01
1.067106710671068548e-01
-1.551155115511551053e-01
3.447344734473447581e-01
8.599859985998601353e-01
-3.877387738773877546e-01
-2.423242324232423028e-01
6.239623962396239065e-01
-9.493949394939493747e-01
-6.687668766876687654e-01
6.470647064706480656e-02
7.530753075307528022e-02
3.085308530853085873e-01
-6.863686368636863211e-01
-9.467946794679468203e-01
4.567456745674567387e-01
3.691369136913691396e-01
-5.017501750175017428e-01
7.790779077907794559e-02
-5.181518151815180939e-01
6.575657565756576339e-01
-7.871787178717871702e-01
1.689168916891690131e-01
-3.341334133413340624e-01
7.271727172717272758e-01
9.750975097509750888e-02
6.665666566656667236e-01
2.599259925992598586e-01
-3.827382738273826801e-01
-1.927192719271927368e-01
-5.299529952995298832e-01
-6.179617961796179948e-01
-9.279927992799279490e-01
-4.981498149814981291e-01
7.651765176517653089e-01
-3.075307530753075280e-01
-1.150115011501151585e-02
7.750775077507743305e-02
-5.311531153115311987e-01
-1.193119311931193360e-01
-3.793379337933793227e-01
-1.217121712171216341e-01
-9.187918791879188252e-01
8.295829582958296200e-01
5.701570157015702911e-01
7.377737773777377495e-01
1.681168116811682101e-01
5.730573057305732299e-02
-7.253725372537254135e-01
9.410941094109404048e-02
-8.899889988998900270e-01
-1.219121912191218904e-01
1.187118711871186783e-01
8.889888988898890787e-01
-5.339533953395338983e-01
-4.450445044504447445e-02
8.870887088708867552e-02
-8.867886788678868148e-01
-9.785978597859785744e-01
-6.389638963896389079e-01
-7.323732373237323845e-01
6.483648364836485101e-01
7.847784778477848722e-01
5.211521152115212718e-01
4.419441944194419936e-01
1.239123912391240090e-01
3.531353135313530789e-01
-3.647364736473647229e-01
2.603260326032603711e-01
3.909390939093910777e-01
5.145514551455145913e-01
7.205720572057205953e-01
3.677367736773677898e-01
-3.895389538953895059e-01
-5.239523952395239714e-01
-2.997299729972997540e-01
-3.409340934093408881e-01
7.231723172317232606e-01
3.327332733273327126e-01
-6.203620362036204039e-01
-9.057905790579058314e-01
5.793579357935794150e-01
-2.299229922992298558e-01
-8.947894789478947342e-01
-2.697269726972697512e-01
-6.259625962596260251e-01
6.390639063906400352e-02
9.827982798279828458e-01
7.933793379337934493e-01
5.647564756475647041e-01
-3.313331333133313628e-01
3.287328732873286974e-01
6.431643164316431793e-01
2.535253525352536563e-01
2.317231723172317182e-01
-1.305130513051304675e-01
1.371137113711371480e-01
3.431343134313431520e-01
-6.085608560856086147e-01
3.653365336533653807e-01
9.367936793679367824e-01
-6.130613061306122713e-02
-6.509650965096509534e-01
7.245724572457246104e-01
3.149314931493150116e-01
-9.150915091509148613e-02
8.441844184418443309e-01
6.349634963496351148e-01
-4.900490049004835313e-03
-5.731573157315731359e-01
-5.143514351435143350e-01
2.609260926092609179e-01
-4.741474147414741491e-01
-5.759575957595759466e-01
-6.510651065106509705e-02
7.941794179417942523e-01
-3.175317531753174549e-01
8.969896989698971090e-01
4.421442144214422498e-01
3.183318331833184800e-01
-5.611561156115612015e-01
8.631863186318633474e-01
-4.037403740374037042e-01
5.261526152615261243e-01
-6.101610161016102207e-01
-4.531453145314531250e-01
9.770977097709776515e-02
8.827882788278829107e-01
-5.013501350135013412e-01
8.201820182018202399e-01
1.807180718071808023e-01
-7.891789178917891778e-01
4.145414541454146562e-01
-3.045304530453044611e-01
-9.989998999899990517e-01
7.491749174917492482e-01
5.197519751975197000e-01
-1.893189318931892684e-01
1.877187718771877734e-01
5.890589058905892905e-02
3.141314131413142086e-01
1.553155315531553615e-01
8.545854585458545483e-01
-8.090809080908090145e-02
-7.559755975597559630e-01
-2.959295929592958840e-01
4.557455745574559014e-01
-7.383738373837382962e-01
8.369836983698371036e-01
-6.469646964696469382e-01
-3.617361736173617670e-01
-9.463946394639464188e-01
1.495149514951494840e-01
-1.271127112711271101e-01
6.881688168816881834e-01
-3.083308330833083311e-01
-9.625962596259626247e-01
4.929492949294929094e-01
5.485548554855486092e-01
-9.931993199319931742e-01
-7.133713371337133680e-01
-6.395639563956395657e-01
3.425342534253426052e-01
3.111311131113112527e-01
5.737573757375737937e-01
-3.815381538153814756e-01
4.410441044104418395e-02
-6.661666166616662110e-01
-8.341834183418341819e-01
6.653665366536654080e-01
-7.333733373337334438e-01
8.077807780778079039e-01
-6.725672567256726353e-01
1.021102110211020708e-01
-3.281328132813281506e-01
6.141614161416142359e-01
-2.070207020702063971e-02
9.325932593259327330e-01
-3.937393739373936663e-01
5.189518951895188970e-01
5.710571057105706672e-02
2.570257025702571418e-02
-5.989598959895989783e-01
-9.777977797779777713e-01
4.615461546154615569e-01
-9.063906390639063781e-01
7.930793079307929538e-02
-1.453145314531453236e-01
-4.039403940394039605e-01
2.907290729072906643e-01
8.785878587858786393e-01
-2.761276127612760645e-01
-9.333933393339334250e-01
-2.050205020502049447e-02
-4.270427042704272314e-02
9.465946594659466751e-01
1.573157315731572581e-01
-5.609560956095609452e-01
-3.459345934593459626e-01
-5.009500950095009397e-01
-5.457545754575456876e-01
6.295629562956295278e-01
2.770277027702783279e-02
-8.511851185118511909e-01
6.859685968596860306e-01
-6.550655065506549857e-02
-2.649264926492649330e-01
3.713371337133712924e-01
-1.855185518551855095e-01
8.270827082708276379e-02
-8.031803180318031199e-01
4.039403940394039605e-01
9.205920592059206875e-01
-2.013201320132013139e-01
-2.955295529552954825e-01
-7.221722172217222013e-01
-3.187318731873186595e-01
4.737473747374738586e-01
1.331133113311331329e-01
-2.605260526052605163e-01
1.870187018701874315e-02
-8.157815781578157122e-01
1.737173717371738313e-01
6.131613161316131766e-01
-8.247824782478248018e-01
-4.387438743874386704e-01
-3.967396739673967332e-01
-7.669766976697669492e-01
-8.673867386738673968e-01
4.053405340534053103e-01
6.765676567656766505e-01
1.757175717571757279e-01
-2.879287928792878537e-01
-8.923892389238923251e-01
7.629762976297629340e-01
-9.991999199919991970e-01
-3.353335333533352669e-01
-8.105810581058106035e-01
-8.073807380738073913e-01
2.161216121612161700e-01
9.607960796079608734e-01
-4.061406140614061133e-01
8.849884988498850635e-01
-1.579157915791579159e-01
7.083708370837085155e-01
8.037803780378038887e-01
5.137513751375137883e-01
1.729172917291730283e-01
-7.601760176017602344e-01
-6.047604760476047447e-01
-3.690369036903684563e-02
-1.387138713871386431e-01
-2.705270527052705543e-01
-2.477247724772476678e-01
-1.969196919691968972e-01
-7.865786578657865125e-01
5.755575557555756561e-01
-8.669866986698669953e-01
-3.259325932593258868e-01
5.885588558855885388e-01
-1.889188918891888669e-01
7.697769776977698708e-01
-3.663366336633663289e-01
7.199719971997200485e-01
-1.679167916791678428e-01
4.623462346234623599e-01
5.769576957695770059e-01
1.669166916691668945e-01
2.167216721672167168e-01
-6.977697769776978198e-01
-3.279327932793278944e-01
8.309830983098309698e-01
-3.270327032703268522e-02
-3.103310331033103386e-01
-6.561656165616561731e-01
-1.231123112311230949e-01
3.823382338233822786e-01
3.409340934093409992e-01
-1.490149014901487323e-02
1.619161916191620421e-01
-3.150315031503148067e-02
-8.793879387938794423e-01
-8.457845784578457149e-01
7.985798579857985580e-01
3.175317531753176770e-01
5.670567056705677622e-02
-1.055105510551054282e-01
-9.353935393539354326e-01
-8.325832583258325759e-01
-8.521852185218521392e-01
-2.809280928092808827e-01
-4.950495049504943790e-02
-9.390939093909389523e-02
3.595359535953595032e-01
2.071207120712070804e-01
-4.463446344634462992e-01
3.093309330933093904e-01
-4.779477947794779080e-01
3.367336733673367277e-01
-6.081608160816081021e-01
-3.771377137713771699e-01
-8.245824582458245455e-01
3.107310731073107402e-01
-1.765176517651765309e-01
-3.833383338333833379e-01
4.833483348334834950e-01
-5.813581358135813115e-01
-6.593659365936592742e-01
9.791979197919793432e-01
7.519751975197519478e-01
1.277127712771277679e-01
-8.903890389038904285e-01
5.959595959595960224e-01
8.643864386438644409e-01
-5.270527052705265003e-02
-4.759475947594759004e-01
9.169916991699169628e-01
-1.355135513551354309e-01
6.563656365636563184e-01
3.355335533553356342e-01
1.861186118611861673e-01
2.733273327332734759e-01
-5.305530553055305409e-01
3.047304730473048284e-01
6.019601960196019341e-01
-7.985798579857985580e-01
-3.629362936293628605e-01
-4.411441144114410795e-01
-6.937693769376938047e-01
-1.429142914291429145e-01
-4.869486948694868866e-01
4.743474347434744054e-01
6.803680368036804094e-01
8.350835083508356682e-02
-2.199219921992199289e-01
5.775577557755775526e-01
-3.781378137813781182e-01
-7.999799979997999078e-01
-2.230223022302224578e-02
4.905490549054905003e-01
2.041204120412041245e-01
4.117411741174117346e-01
-2.975297529752974901e-01
-3.575357535753574956e-01
3.017301730173018726e-01
-4.057405740574057118e-01
2.331233123312330680e-01
7.300730073007244414e-03
5.371537153715371105e-01
1.887188718871888327e-01
-1.509150915091508338e-01
6.557655765576557716e-01
-5.523552355235523681e-01
-7.335733573357335890e-01
-4.449444944494449494e-01
-7.511751175117511448e-01
1.750175017501742758e-02
5.947594759475947068e-01
8.687868786878687466e-01
-9.791979197919792322e-01
-4.671467146714671781e-01
6.487648764876488006e-01
-6.633663366336632894e-01
-7.711771177117712206e-01
-4.567456745674567387e-01
-7.957795779577957473e-01
9.529952995299530993e-01
-7.729772977297729719e-01
-2.483248324832483256e-01
3.539353935393538819e-01
-1.671167116711670397e-01
-4.121412141214121361e-01
-3.019301930193019068e-01
8.910891089108918806e-02
-9.627962796279627700e-01
5.300530053005347852e-03
1.249124912491248462e-01
-6.791679167916790938e-01
1.641164116411641949e-01
1.811181118111810928e-01
-4.735473547354734913e-01
-1.883188318831883201e-01
1.081108110811082046e-01
-9.061906190619062329e-01
-9.477947794779477686e-01
4.173417341734173558e-01
6.119611961196120831e-01
3.430343034303429128e-02
9.381938193819383542e-01
-5.483548354835483529e-01
4.673467346734674344e-01
5.023502350235022895e-01
-6.159615961596158762e-01
7.259725972597259602e-01
-4.209420942094209694e-01
-6.421642164216421200e-01
7.115711571157117277e-01
8.411841184118411530e-01
-4.611461146114611553e-01
2.857285728572858119e-01
-9.651965196519651791e-01
6.495649564956496036e-01
1.275127512751275116e-01
3.421342134213420927e-01
-7.023702370237023818e-01
-4.169416941694169543e-01
5.779577957795780652e-01
-2.317231723172317182e-01
8.671867186718671405e-01
5.013501350135014523e-01
-8.437843784378438183e-01
-5.370537053705370933e-02
-1.827182718271826989e-01
8.590859085908597592e-02
1.835183518351835019e-01
-2.770277027702772177e-02
7.501750175017503075e-01
1.769176917691770434e-01
-2.159215921592159138e-01
5.071507150715071077e-01
2.647264726472646768e-01
2.703270327032702980e-01
9.865986598659866047e-01
-2.893289328932893145e-01
-2.115211521152114971e-01
8.133813381338135251e-01
4.721472147214722526e-01
1.469146914691470407e-01
-1.775177517751774792e-01
4.043404340434044730e-01
2.550255025502545791e-02
-2.735273527352735101e-01
3.330333033303323198e-02
-5.409540954095408694e-01
4.061406140614061133e-01
-5.225522552255225106e-01
-3.049304930493048627e-01
5.169516951695170004e-01
-8.270827082708265277e-02
7.255725572557256697e-01
7.151715171517152303e-01
-1.157115711571157224e-01
-2.141214121412140514e-01
-4.503450345034503144e-01
5.391539153915392291e-01
-9.227922792279228403e-01
-2.853285328532852994e-01
-5.550555055505546065e-02
-3.729372937293728985e-01
-3.925392539253925728e-01
-5.231523152315231684e-01
-9.705970597059705440e-01
-7.077707770777077467e-01
-1.913191319131912760e-01
-4.715471547154714838e-01
-4.423442344234422841e-01
5.773577357735775184e-01
7.297729772977297191e-01
-9.089908990899089325e-01
-4.959495949594959763e-01
5.527552755275528806e-01
-8.119811981198119533e-01
6.590659065906590008e-02
7.125712571257125649e-01
-6.551655165516552248e-01
1.923192319231923353e-01
6.573657365736573777e-01
-6.070607060706068037e-02
4.975497549754976934e-01
2.665266526652665391e-01
-3.149314931493149006e-01
8.333833383338333789e-01
-9.310931093109309220e-02
9.069906990699070359e-01
-9.413941394139413443e-01
7.191719171917192455e-01
9.449944994499450690e-01
-9.811981198119812397e-01
8.585858585858585634e-01
1.531153115311532087e-01
-7.299729972997299754e-01
-2.253225322532252939e-01
1.881188118811880639e-01
6.997699769976997164e-01
3.100310031003195022e-03
6.949694969496951202e-01
-9.847984798479847424e-01
7.461746174617462923e-01
1.963196319631963505e-01
-3.507350735073506698e-01
-3.331333133313331141e-01
