4.545723194932151934e+00
4.406489868843161517e+00
-9.997712503653101379e+00
5.987426009222370560e+00
4.308923416926620398e+00
9.152679199209424965e+00
5.116760735782705183e+00
8.688342593067917008e+00
5.460829108647358154e-02
7.763346800671389047e-01
7.491688914273830768e-02
3.704390007935190354e+00
7.606085391618238489e+00
7.562348727818907435e+00
-9.452248136041475846e+00
3.409350203568044080e+00
2.987675620545676480e+00
1.173796568915033589e+00
3.688733169029121406e-01
8.960079304367663866e+00
6.014891373510732109e+00
9.365231514387950540e+00
2.425065871245432270e+00
3.846452313386281574e+00
7.527783045920767080e+00
7.892133270076946872e+00
6.968309832587179287e+00
6.688598527409093109e+00
8.461817143677794917e+00
7.562850068588261365e+00
5.535155263884995236e+00
6.969778956897471289e+00
9.157790603010038666e+00
6.633056994603414580e-01
3.837542279009467094e+00
2.437831510791166334e+00
3.730018553631673228e+00
6.692513437947457788e+00
-9.634234453116164332e+00
5.002886298899349882e+00
9.777221778129895569e+00
4.963313087596787909e+00
1.547655688693077458e+00
5.785586569029771198e+00
8.603623665680286692e+00
-1.042129476481896688e+00
8.171910061861911601e+00
3.330514258424810414e+00
9.380889481045734613e+00
5.983445238219253781e+00
-9.612660842594058508e+00
3.576710658797818354e+00
5.512875780879690879e+00
-2.015959843143659835e-01
-1.685368143932350904e-01
9.207851329638778282e+00
1.482352109840261889e+00
3.576485711841061566e+00
1.786110738065683989e+00
3.995167200418624276e+00
5.024717890832606670e+00
3.105583124028957975e+00
3.888003154554901641e+00
1.176787903553894399e+00
