-1.245711796016392592e+00
-7.199862811616762892e-01
-6.279785925468935881e-01
1.494244964629908079e+00
-1.513480004876915253e+00
-6.557793810343068852e-01
2.389335413564552812e-01
-3.462393371540899850e-02
5.633878545267172466e-01
3.219285118035543625e-01
1.188379725575444912e+00
-2.457858111372297927e+00
1.461697121613987349e+00
1.782761767671699138e+00
-5.704465975994964522e-01
-2.097245380532248404e+00
-2.267973601630828284e+00
5.849924839685831657e-01
8.279685864987987864e-01
2.240831703300678046e-01
1.317790471688970122e+00
-2.269781956312974802e-01
-1.209459370081252594e+00
-1.411331850394732079e+00
1.889672108732988409e+00
1.424760182709217782e+00
2.261248933762152635e+00
1.875038654040822816e+00
5.412343521954062764e-01
1.691554604028965736e+00
9.405700811706104725e-01
2.283201635876366264e+00
-5.667096354821119508e-01
4.235950788644959331e-01
-1.954983237101815208e+00
-1.835698742536620687e+00
-1.550567269063617415e+00
2.001315813660615284e+00
-2.917410404440004545e-01
1.660083356239685781e-01
-1.149305451415283619e+00
-2.211581263651136650e-02
-8.465377678581084697e-02
1.040869696745348572e+00
5.211275807968885898e-01
1.429516004080065850e-01
1.109328383190773870e+00
-2.228468671994096262e+00
-8.709706067958848941e-01
1.500908119742767388e+00
-4.700116261248624694e-01
-1.463874360939769526e+00
7.261759661520397202e-01
3.689600088459901728e-01
7.406192777360814938e-01
-5.237890533155941108e-01
-1.486147312409155374e-01
-1.324793066439821088e+00
-6.300897945541522605e-01
-1.562264190127672148e+00
-5.546433329474242946e-01
-1.744376458871415014e+00
-1.962270231947095267e+00
1.331618195363155621e-01
